-6.132310433797960592e-01
-5.391227181151454495e-01
-8.920048857446557511e-01
-1.009314981305583059e+00
-1.445692833529049315e+00
-8.457933099092069806e-01
-8.051912326576154966e-01
-3.698752980906227505e-01
-5.811232510066370871e-01
-1.231122526815760176e+00
-1.092279412219798074e+00
-4.247443313509628726e-02
8.699476293117213155e-01
-6.005414389114835938e-01
-1.037829132251291364e+00
-6.258624639656404920e-01
-1.105748940524106105e-01
-1.161127162121732503e+00
-1.422384237162887199e+00
-1.412644626921893742e+00
-1.706944954432145334e+00
-1.857609157642721831e+00
-7.958750709370364662e-01
-1.094053742894758319e+00
-1.379315996054058857e+00
2.408902029978230719e-01
-7.436873239517249878e-01
-4.162824581120188605e-01
-1.454878862128243577e+00
-1.365937051210968312e+00
-2.402953828755289845e+00
-1.504379653885844492e+00
-9.561659703319914660e-01
-1.078778013984686091e+00
-8.157144258772746070e-01
-6.404087060788146157e-01
-5.152397017773951982e-01
-1.263454696015840595e+00
-1.194155836477756694e+00
-8.277385604167025734e-01
-1.632270846859370517e+00
-2.779233274936038223e-01
-1.793697476090098331e+00
-5.114605736647401812e-01
-1.112528559485380875e+00
-1.956202102855851555e-01
-2.348754311494872515e-01
-7.575127138173090025e-01
-1.620354938198920847e+00
-5.883507932398630569e-01
6.972878955005187840e-02
-1.471860154249132746e+00
-3.006514629466542354e-01
-6.947507758906399378e-01
-1.441558667461471765e+00
-1.291985314038522903e+00
-7.116344820079395506e-01
-8.781931707879586657e-01
-4.431772511677393306e-02
-1.433531817632145433e+00
-2.642452162252013625e-01
-8.927204326722011363e-01
-1.643314623019397791e+00
-1.517010949132649333e+00
-1.188193015180754708e+00
-9.177992629640957523e-01
-4.044512829979229895e-01
-7.984305257800666800e-01
-8.563057523839762153e-01
-5.569871773905100687e-01
-1.137169036449759085e+00
-1.723186189251597833e+00
-7.550280822248769397e-01
-2.168565662426376675e-02
-1.082775657471372943e+00
-1.240728369584077395e+00
-3.073437208095322615e-01
-8.320408225791664503e-01
-1.885173695230550006e+00
2.105092392320303263e-01
-9.876458942816349618e-01
-9.866133570364843397e-02
-1.345161358960033748e+00
-6.199443612705320961e-01
-8.635224611022047636e-01
-1.604102108637131430e+00
-1.317242570539447710e+00
-5.814931807507655037e-01
-1.409922423698483085e+00
-9.757819043308202378e-01
-1.121808440134106410e+00
-1.491931698074834944e+00
-6.997392021348969315e-01
-8.130108006587613012e-01
-1.876643407104164663e+00
-5.604288922244980986e-01
-1.811283857878809522e+00
-1.715774449211878050e+00
-1.109014941155501033e+00
-4.700075973757451009e-01
-1.830650342343002279e+00
-9.222692203127519361e-01
-1.529835154453030643e+00
-1.016890991862870353e+00
-1.098394589813127098e+00
-1.123678565636589743e+00
-8.069542444334256714e-01
-4.688232586844107846e-02
-5.320154242341198492e-01
-1.491274117137141753e+00
-2.943081428696678326e-01
-4.777326992428352903e-01
-9.533065273319918376e-01
-4.528007622101946628e-01
-8.463297077066305185e-01
2.494834651770282408e-01
-1.656032910463037133e+00
-8.280164477687440572e-02
-8.691266801291853694e-01
-1.181981135453215259e+00
-5.474789623882909684e-01
-3.183903968694478115e-01
-1.729049675992504920e+00
-5.065194204580101417e-02
-1.990393609587093993e+00
-7.910402593594195730e-01
-4.525262937174409639e-01
-1.104723707640167252e+00
-7.694074029982596319e-02
-1.439125074056772258e+00
-4.571105664135946545e-01
-2.602545125868721554e-01
-6.158461952076491608e-01
-4.281690044335330070e-01
-1.013875201862209474e+00
-3.396706167869258386e-01
-7.904088573225621639e-01
-9.769786828353539399e-01
-1.672161474425869043e+00
-1.393381220074773497e+00
-1.411862886752956792e+00
-4.534441211354579560e-01
1.794592335048214582e-02
-6.346998059257175084e-01
-7.621948888992448323e-02
-1.054043336386081275e+00
-1.091836528530388373e+00
-1.032145560311566318e-01
-5.034026807217573118e-01
5.945785863442765162e-02
-1.240383590984002860e+00
-8.120913870538655210e-01
-5.992912309103074486e-01
-1.021858787559147726e-02
-1.496895670093481234e+00
-6.807805480645219287e-01
-8.548276254097689764e-01
-8.781160191366179646e-01
-5.707386824757140209e-01
-1.354890227709263373e+00
-1.710470155816614879e+00
-6.755034852462705741e-01
-6.736339730486375910e-01
-1.188661312497743427e+00
-1.661804373072059748e+00
-9.181690458459750293e-01
-1.078770358378403404e+00
-1.750961554118268371e+00
6.472468435449968416e-01
-1.869478802606546974e+00
-3.056731780590588032e-01
-6.958313979367192204e-01
-6.733891074621937145e-01
-1.257852557754837175e+00
-4.823836712359075851e-01
-1.944411271822864551e-01
-1.292660733146328900e+00
-1.362086142138515976e+00
-3.541350481150311591e-01
-6.919690525714015938e-02
-2.901563277984997025e-01
-2.494347260188453652e-01
-4.868758613077738273e-01
-8.427369894368332837e-01
-1.900700272893584675e+00
-5.852563706284764633e-01
-7.511617221613666739e-01
-1.809326299896301560e+00
-2.290410693693130939e-01
-1.017722009837282116e+00
-1.555419134060032738e+00
-4.593107723110044227e-01
-1.436153148091487419e-01
-8.727333846066527290e-01
-6.365608997809598657e-01
-5.333268362363302595e-01
-1.426852654519523256e+00
-1.246593947249821532e+00
-1.194308787017387852e+00
-1.989025980829036699e+00
-2.104645131317993911e+00
-1.861454107718481410e+00
-9.220937883747356567e-01
-9.917967783800250015e-01
-7.054771858598782863e-01
-7.600927409065539875e-01
-1.463910130695737166e+00
-1.157593742616465526e+00
-6.818237598173856329e-01
3.684877015775381848e-01
-1.284229936094067437e+00
-2.144670819818549849e-03
-7.411373061722649203e-01
-9.329447463460280865e-01
1.643066268733684721e-01
-4.930320118356517067e-01
-8.717997500446484915e-01
-1.036386031073217362e+00
-6.563318949168984728e-01
-3.954258397851520002e-01
-9.823511853742927791e-01
-6.497882051410579507e-01
-1.231425533169728359e+00
-3.838612004042495918e-01
-1.775157169301058990e-01
-1.431699973887943900e+00
-1.043992020109695412e-01
-1.569148659012062907e+00
-1.609157050477495687e+00
-7.596031089565968841e-01
-1.107191443329132774e+00
-6.730897309063483824e-01
-1.167974072416690934e+00
-5.266567584974906069e-01
4.331657251092075334e-01
-1.458992977430022542e+00
-6.772821009653919866e-01
-1.962078515414479862e-01
-1.362670566706627451e-01
-6.324684440982513145e-01
-1.141675071671559794e+00
-2.425391464843281497e+00
-5.981499442233286779e-01
-1.470937592435247243e+00
-5.907575270719160887e-01
-2.092147405184256570e+00
-9.075620615818948966e-01
-5.484261999018374967e-01
1.526016394986485841e-03
-1.253625104816315616e+00
-4.144693788545483204e-01
-9.078303426654112940e-01
-1.708792577861543149e+00
-8.201486802708136681e-01
-4.489530880853203620e-01
-1.284307706818813122e+00
-1.468301816387561909e-01
-6.558645321179550347e-01
3.453791609485794972e-02
-1.697363533133924740e+00
2.144431621528702370e-01
-1.379048959602515056e+00
-1.789918183184763256e+00
-1.939863910232450417e+00
-1.101933409201128367e+00
7.513380714832718077e-02
4.257993082154885173e-02
-2.407905279329172060e-02
-6.587717330940712213e-01
-1.455805774555833043e+00
-3.965306218847540198e-01
-5.876312243519316025e-01
-1.332948738520950416e+00
-6.570850774923426840e-01
-1.144289120156758210e+00
-1.766979240047687361e+00
-7.930227298577510187e-01
-2.296588781131685408e-01
-7.080751035238737057e-01
-6.714445659677520384e-02
-4.676634545410207622e-01
-2.506391976118151343e-01
-7.350448383682548492e-01
-1.607194731247357344e+00
-1.214593123904764038e+00
6.977204542077398985e-02
3.142769986723789599e-01
-9.497791850037127226e-01
-1.825907266047040567e+00
6.777554709992501536e-01
-7.352164091425363868e-01
-8.359160057266047383e-01
-1.411212251653956917e+00
-1.528985908659924453e+00
-1.542311498656012470e+00
-6.853816923726206989e-01
-1.301662596212619927e-01
-7.383786509883548677e-01
-9.786004976146219780e-01
-1.100790307536026580e+00
-1.564785119482424491e+00
-3.190206765753488272e-01
-4.993480008532831804e-01
-1.501950387672308596e+00
-1.132483873633634230e+00
-2.766075946015997822e-01
-3.844152798854003333e-03
-4.809137641161294607e-01
-1.109887580049198963e+00
-9.075374312364822282e-01
-4.008871765996611658e-01
-2.129017821980797587e-01
-9.355454576565634950e-01
-1.127881105332559253e+00
-1.285469390471260520e-01
-8.205870605867389422e-02
-1.378321779931029445e+00
-3.664535078776168242e-01
-3.558024467559210979e-01
-1.390780839821145864e+00
-1.904584254116930442e+00
4.240836503570523108e-01
-8.064070514276412693e-02
-1.604039980415762567e+00
3.873112454144714278e-01
-1.653937395271037225e+00
-1.167211278818720110e+00
-1.063107216613735639e+00
-6.175721349866306609e-01
-2.478813799386908379e+00
-8.735650622187396408e-01
-2.623987026905049147e-01
-1.056233273144378426e+00
-5.097827252423368094e-01
-1.685364290632205719e+00
-1.314359272880009977e+00
-5.749000678706107648e-01
-5.684506919672440706e-01
-1.268457679684244166e+00
-7.504512210115013016e-01
-1.689349603556265178e+00
-6.822538433707457939e-01
-2.730905146988730769e-01
-1.207824296939854936e+00
-1.310581266268246337e+00
-1.350913058091939956e+00
-5.126107621949686083e-02
-7.532955507274303741e-01
-1.660115191660969935e-01
-9.646645124080996947e-01
-1.223747874991018891e+00
-7.342467705237929465e-01
-1.597341477845673596e+00
-8.229544814090210547e-01
-2.297158145974093346e-01
-1.543263172020800655e-01
-8.990870915368126548e-01
-4.707161881149901639e-01
-6.106256731090344836e-01
-3.274266745590390104e-02
-1.071768771232034290e+00
-5.029305781550007515e-01
-6.974844617092149646e-01
-2.773808353120927883e-01
-1.902402978244688958e+00
-9.944841962246163680e-01
-1.757373446204001377e-01
-1.377133675986084382e+00
-1.026254206617642079e-01
-1.727613657312873086e+00
-1.097073867804061242e+00
-1.641868755891953413e-01
-1.246579418867251876e+00
-6.670278672232116124e-01
-5.053305768652913144e-02
-1.372353869574173713e+00
-1.388899096016756651e+00
-7.255087750987408990e-01
-1.556668815344723011e+00
-1.466298744980620156e-03
-1.022912964158954496e+00
-8.997758757976522803e-01
-3.866458745662380014e-01
-1.703451748855636438e+00
-8.738645295962724768e-01
-2.728505840836056850e-01
-7.755617952324953546e-01
-1.165898665726021077e+00
-5.385237870005435967e-01
-1.573350112448293814e+00
-1.435920657832036040e+00
-2.016005173086435676e+00
-1.174114103401685316e+00
-1.040538000465974555e+00
5.747056284758508271e-01
-6.905396665198156869e-01
-1.469568139551670871e+00
1.022122567529320403e+00
-5.887507521907190400e-01
-8.420565750692458051e-01
-9.617522132874382068e-01
-1.465804206435226797e+00
-8.461925756522957753e-01
-4.824461122186564643e-01
-6.628811850046707477e-01
-6.981593218518100663e-01
-1.065864497747829459e-01
2.508088257005771649e-01
-1.430080053200281753e+00
-4.229125005052605801e-01
-3.975266621018418434e-01
-9.847373983114063867e-01
-5.658803824728474430e-01
7.564747920440891005e-02
-7.604090764463644625e-01
-1.381089918944268469e+00
-1.361567446510514312e+00
-1.723984643980132292e+00
-2.321709114462034318e+00
-1.776236610362164292e+00
-1.149865785725575629e+00
3.223656679789436152e-01
-8.890156139786888900e-01
-1.050605173370545486e+00
-1.398436813675308477e+00
-2.124776444142704723e-01
1.351316120727635017e-01
-7.337975439661643673e-01
-1.195581081493212849e+00
-1.173391437751677424e+00
-1.101495638877057814e+00
-1.384638355802287668e+00
-5.549261320107617967e-01
6.241512605045412138e-02
-6.338085731463488637e-01
-5.997023013557114535e-01
-1.117264195054005205e+00
-1.515819365556810627e+00
-1.409236819652928130e-01
-1.273862075933913096e-01
-9.469826497063777992e-01
-1.858491703739436895e-01
-2.231804395973807420e+00
-8.247828970168238349e-01
-5.010365225819627399e-01
-4.063192017935941536e-01
-1.032908498202422365e+00
-1.746796947655168575e+00
-7.241685790020280233e-01
-9.909750088847746330e-01
-3.721437821174242155e-01
-1.631147052084088445e-01
-1.160103254377583548e+00
-1.233896938984123448e+00
-1.187055386598931950e+00
-3.928796930099828777e-01
-7.243060430019466756e-01
4.772418917513842063e-01
-1.643386606066562505e+00
-9.864945387184435033e-01
-4.551529664041483181e-01
-2.255221331243493221e-01
-4.821101325608611043e-01
-3.442405253879701199e-01
-1.351478965533763121e+00
-2.377499503000113923e-01
-1.354621870063978717e+00
-1.228510934950052258e+00
-4.709250006178656300e-01
-1.213318684206361686e+00
-8.625751717992794498e-01
-1.111055459871775453e+00
1.485279604311606216e-01
-1.157064517339598808e+00
-3.940433203805057127e-01
-6.283237941894252998e-01
-5.373391756408067987e-01
-1.397250943113425015e+00
-6.445981815883700117e-01
-1.839060185091240529e-01
-1.180037378824478012e+00
3.166371113442817409e-01
-1.218807968399268526e+00
3.724892246912755445e-01
-1.031942554254252409e+00
-1.551015628549875736e+00
-5.269634330000471101e-01
-8.190226285676899254e-01
-3.921444590984273226e-01
-2.636850492409973934e-01
-1.342274518013671480e+00
-1.043110192344739229e+00
-9.803180205403466685e-01
-1.173896724325186991e+00
-1.842737751507694810e+00
-5.281958005678141777e-02
-1.398651988796941303e+00
-1.627548864622005542e+00
-1.655812996255272784e+00
-4.429880250007075526e-01
